576
1051
483
371
272
224
220
168
155
128
119
95
84
78
76
136
72
73
71
62
64
65
65
119
97
74
61
63
78
93
97
54
54
59
56
53
51
48
45
42
43
43
44
38
41
37
38
35
34
33
35
33
36
32
30
34
33
32
34
32
32
38
29
34
33
39
34
33
30
33
32
38
29
33
31
31
34
30
28
29
35
29
28
29
29
29
29
29
28
29
31
27
28
29
28
28
29
29
29
31
27
28
32
43
39
43
43
45
47
41
41
43
43
40
45
43
46
46
43
36
29
28
29
28
31
28
31
33
36
31
28
28
28
102
43
27
31
34
28
30
31
31
27
30
30
28
32
28
29
28
29
30
27
31
30
30
32
28
29
28
29
31
28
30
31
31
28
29
30
28
30
31
29
30
31
32
29
29
30
30
30
30
31
30
30
32
30
29
32
31
32
32
32
31
34
30
30
32
32
31
32
33
32
35
35
31
33
33
32
33
35
33
35
35
36
32
33
32
35
34
34
35
35
33
38
34
34
35
37
34
36
35
35
36
39
34
35
35
35
36
35
35
36
35
40
35
34
38
37
36
36
36
36
37
38
37
37
36
36
39
36
37
37
38
38
37
37
37
36
37
36
40
37
39
41
38
42
36
38
39
37
38
41
38
39
40
38
39
37
38
38
38
39
40
39
42
38
39
37
38
39
39
40
38
40
42
39
40
38
40
40
42
40
39
40
43
37
39
38
40
41
41
40
40
40
43
39
40
39
40
40
39
40
39
42
41
40
40
39
40
41
40
42
39
41
42
40
40
39
39
40
40
41
39
41
41
40
41
39
40
40
41
41
39
42
39
43
41
39
41
41
44
54
41
41
43
43
41
39
42
40
41
41
40
42
43
48
40
46
47
41
41
40
42
41
41
44
40
43
41
41
42
42
43
40
44
42
42
40
42
41
41
41
41
42
41
43
41
41
41
41
41
41
42
42
42
43
41
41
42
41
41
42
41
41
42
44
41
40
42
41
42
42
41
42
41
45
41
41
41
42
42
41
42
43
41
45
41
41
41
43
42
41
42
41
42
46
43
43
41
42
41
42
43
45
43
60
42
41
42
41
42
41
42
42
42
44
41
41
42
41
41
42
42
42
43
44
41
41
42
43
