2027
949
331
293
260
229
177
154
122
109
99
91
88
93
99
87
88
86
85
81
88
77
82
77
76
68
87
96
70
69
69
85
69
71
67
83
69
68
66
67
68
67
70
68
65
66
68
67
66
64
62
61
61
60
62
62
57
57
60
59
58
61
60
56
57
57
57
60
63
55
55
57
58
60
60
55
57
58
57
60
70
59
58
60
57
58
55
61
56
51
49
52
48
50
46
53
56
51
48
51
51
44
45
45
46
45
46
44
45
46
46
45
48
44
52
52
54
52
52
49
52
55
54
59
57
61
56
56
53
48
48
51
47
46
47
47
45
45
46
47
47
48
47
48
52
47
47
49
48
48
48
51
45
46
46
46
47
47
46
47
45
46
47
49
48
44
47
46
47
46
48
46
46
48
46
48
49
47
50
53
52
53
50
52
48
50
51
51
50
51
52
50
50
52
53
54
57
53
50
50
50
50
51
53
51
54
51
51
52
56
58
54
50
52
52
51
57
50
51
52
51
53
53
54
52
52
52
53
54
54
55
53
51
50
51
51
52
49
50
49
50
51
51
53
50
49
50
54
54
54
62
54
54
57
55
56
55
57
55
53
55
56
59
56
58
54
54
51
55
55
58
58
56
56
54
52
53
52
58
55
52
53
53
55
57
53
53
52
52
53
53
55
53
54
53
54
54
54
57
53
53
54
53
53
54
56
53
53
54
54
57
57
62
60
57
55
55
56
69
75
60
60
61
56
55
58
55
55
54
56
56
55
58
54
54
55
55
59
58
62
59
60
57
59
54
55
58
56
55
55
55
55
58
55
55
56
54
56
57
57
57
54
56
55
55
55
58
55
59
54
57
60
61
59
59
61
56
55
72
61
70
75
67
71
61
59
62
61
70
72
58
59
59
60
59
60
65
60
60
68
72
67
63
59
60
59
60
64
62
59
60
59
59
57
57
66
59
58
61
60
61
60
60
60
61
59
60
62
60
64
59
62
66
68
65
61
61
57
57
59
59
56
132
58
60
60
60
63
62
60
60
60
57
59
59
57
58
59
57
56
58
59
63
62
60
61
60
62
60
61
60
60
61
61
64
61
61
60
60
61
60
61
61
61
61
62
57
59
62
62
61
60
62
61
62
62
61
63
62
60
61
